Frequency,dB,Rad,Mag,Fit
7.656687,5.8554039,-0.090904166,1.0057371993861062,1.0023249444213047
7.6566895,5.846552849,-0.089566527,1.0047128601870197,1.0022734967184956
7.656692,5.824006081,-0.090298754,1.0021082160054238,1.0022215742748837
7.6566945,5.861833096,-0.089321757,1.0064819101180154,1.0021691730837687
7.656697,5.841400146,-0.091501904,1.0041170142893359,1.0021162890942854
7.6566995,5.818809032,-0.091202923,1.0015088015561995,1.0020629182106915
7.656702,5.861497879,-0.092105393,1.0064430674260039,1.0020090562918311
7.6567045,5.834253788,-0.095601491,1.0032912118888369,1.0019546991504964
7.656707,5.85823679,-0.092040404,1.00606527257675,1.0018998425527967
7.6567095,5.829551697,-0.089691762,1.0027482289496616,1.0018444822175174
7.656712,5.779607773,-0.091187526,0.9969989648643464,1.0017886138154701
7.6567145,5.843739986,-0.090118151,1.00438754381899,1.0017322329688296
7.656717,5.836385727,-0.089554318,1.0035374984841519,1.001675335250443
7.6567195,5.816373348,-0.092235056,1.0012279993497775,1.0016179161832255
7.656722,5.833159924,-0.09384983,1.003164869616272,1.0015599712393446
7.6567245,5.817977905,-0.091429358,1.0014129747361924,1.0015014958395954
7.656727,5.851574898,-0.090624434,1.0052939378180585,1.0014424853526622
7.6567295,5.814576626,-0.092240249,1.00102091148632,1.0013829350943897
7.656732,5.818650246,-0.099625403,1.0014904932274464,1.001322840327039
7.6567345,5.835418701,-0.097573479,1.0034257778804971,1.001262196258536
7.656737,5.837312698,-0.089350436,1.0036446032066242,1.0012009980417027
7.6567395,5.841611385,-0.094290758,1.004141434499822,1.0011392407734798
7.656742,5.830896854,-0.096079795,1.0029035335076781,1.0010769194941096
7.6567445,5.818929672,-0.09238862,1.0015227118021177,1.00101402918642
7.656747,5.815925598,-0.094295893,1.0011763882539824,1.0009505647748729
7.6567495,5.84382391,-0.097378552,1.0043972483663606,1.0008865211248172
7.656752,5.835886002,-0.095737088,1.0034797636554331,1.0008218930416217
7.6567545,5.793991566,-0.098728317,0.9986513583315377,1.0007566752698118
7.656757,5.823462009,-0.096542985,1.002045447311773,1.0006908624921937
7.6567595,5.809213161,-0.091978394,1.0004029801575092,1.000624449328962
7.656762,5.846161842,-0.095715183,1.0046676327048047,1.0005574303367946
7.6567645,5.832301617,-0.096856772,1.0030657455281853,1.000489800007905
7.656767,5.825923443,-0.095295153,1.002329450257596,1.0004215527692015
7.6567695,5.832406521,-0.098448776,1.003077860147273,1.0003526829811882
7.656772,5.797377586,-0.09801712,0.9990407384405254,1.0002831849370897
7.6567745,5.82998991,-0.098770703,1.0027988200131799,1.0002130528618418
7.656777,5.800147533,-0.09896761,0.999359385269533,1.0001422809110845
7.6567795,5.763720989,-0.096784567,0.9951770869036525,1.0000708631701405
7.656782,5.83113718,-0.099499061,1.0029312827813919,0.999998793652975
7.6567845,5.794150352,-0.099803718,0.998669614757836,0.9999260663011386
7.656787,5.772454262,-0.098478471,0.9961781960925762,0.9998526749826884
7.6567895,5.803053379,-0.099172058,0.9996937747688682,0.9997786134910683
7.656792,5.81577158,-0.103671577,1.001158635574145,0.9997038755440969
7.6567945,5.822619438,-0.104233936,1.001948249037229,0.9996284547826765
7.656797,5.799866676,-0.095049642,0.9993270716490766,0.9995523447697422
7.6567995,5.844747066,-0.100998928,1.004504003651066,0.9994755389890606
7.656802,5.77636385,-0.101503131,0.9966266847472554,0.9993980308440323
7.6568045,5.815731525,-0.10185307,1.001154018739445,0.9993198136564764
7.656807,5.784496307,-0.100398285,0.997560247051398,0.9992408806653874
7.6568095,5.80702877,-0.104852813,1.0001514231384452,0.9991612250256765
7.656812,5.786730766,-0.101985979,0.9978169040315593,0.9990808398068548
7.6568145,5.817083359,-0.101301638,1.001309846112553,0.9989997179918424
7.656817,5.815841198,-0.097171882,1.0011666599612967,0.998917852475464
7.6568195,5.773914814,-0.100403453,0.9963457197950871,0.9988352360632079
7.656822,5.843956947,-0.104166209,1.0044126322850622,0.9987518614698151
7.6568245,5.800192833,-0.105476051,0.9993645972973265,0.9986677213178753
7.656827,5.801198959,-0.105859888,0.9994803649370287,0.9985828081363936
7.6568295,5.822167873,-0.102253518,1.0018961607631192,0.9984971143593341
7.656832,5.843666553,-0.102935021,1.0043790524747747,0.9984106323241341
7.6568345,5.805358887,-0.10576552,0.9999591601239473,0.9983233542701601
7.656837,5.826998711,-0.103551135,1.0024535411155644,0.9982352723372928
7.6568395,5.777514458,-0.105144355,0.99675871527496,0.9981463785641725
7.656842,5.826232433,-0.104862118,1.0023651075475895,0.9980566648867228
7.6568445,5.801562786,-0.106017638,0.9995222311791603,0.9979661231364934
7.656847,5.798464298,-0.105781175,0.9991657385870111,0.9978747450390002
7.6568495,5.775547504,-0.106768092,0.9965330208843896,0.9977825222120371
7.656852,5.799047947,-0.103855751,0.9992328798588566,0.9976894461639535
7.6568545,5.781232834,-0.112242003,0.9971855129064706,0.9975955082918995
7.656857,5.790506363,-0.109753196,0.99825073102972,0.9975006998800403
7.6568595,5.831929684,-0.111023333,1.0030227948023502,0.997405012097699
7.656862,5.792729855,-0.109539103,0.9985063049234799,0.9973084359976387
7.6568645,5.807705402,-0.112799827,1.0002293381069147,0.9972109625139646
7.656867,5.830653191,-0.108498697,1.0028753997106499,0.9971125824603346
7.6568695,5.828365803,-0.114906596,1.0026113319842065,0.9970132865279583
7.656872,5.8040452,-0.114786579,0.9998079339318732,0.996913065283596
7.6568745,5.787704468,-0.108248943,0.9979287671584508,0.996811909167517
7.656877,5.753024578,-0.108600838,0.9939523106420342,0.9967098084914177
7.6568795,5.763221264,-0.114841831,0.9951198330603791,0.996606753436301
7.656882,5.790033817,-0.114069073,0.9981964238052267,0.9965027340502762
7.6568845,5.757529736,-0.112739707,0.9944679830582158,0.9963977402465023
7.656887,5.763634682,-0.112423248,0.9951671984148857,0.9962917618007175
7.6568895,5.796606541,-0.116387871,0.9989520576940115,0.9961847883490944
7.656892,5.792760372,-0.115666504,0.9985098130811594,0.996076809385865
7.6568945,5.776105881,-0.112306102,0.9965970855948255,0.9959678142609376
7.656897,5.764229774,-0.115937381,0.9952353821416748,0.9958577921774644
7.6568995,5.773055553,-0.112285488,0.9962471600953605,0.9957467321893625
7.656902,5.740913868,-0.11380483,0.9925674116063357,0.9956346231987839
7.6569045,5.781808853,-0.113548209,0.9972516450900903,0.995521453953537
7.656907,5.802463531,-0.114681958,0.9996258891086891,0.9954072130444125
7.6569095,5.764715195,-0.117256087,0.9952910035776297,0.9952918889026622
7.656912,5.788197994,-0.121244303,0.9979854703639235,0.9951754697970169
7.6569145,5.761723995,-0.116786363,0.9949483096209442,0.9950579438310536
7.656917,5.715959072,-0.118692879,0.9897198311171599,0.9949392989403043
7.6569195,5.757433891,-0.116708424,0.9944570095987394,0.994819522889346
7.656922,5.759681225,-0.119694077,0.9947143426165992,0.9946986032688329
7.6569245,5.762895107,-0.120487841,0.9950824668009349,0.9945765274924652
7.656927,5.763215542,-0.121532274,0.9951191775059055,0.9944532827938997
7.6569295,5.792402744,-0.119912024,0.9984687018385583,0.9943288562235475
7.656932,5.767542839,-0.11986546,0.9956150678814827,0.9942032346455308
7.6569345,5.786340237,-0.115945204,0.9977720418822689,0.9940764047341302
7.656937,5.762661457,-0.118706902,0.9950556994920061,0.9939483529706044
7.6569395,5.724716663,-0.12881106,0.9907182242434317,0.9938190656397206
7.656942,5.705379963,-0.126734052,0.9885151208646948,0.993688528826255
7.6569445,5.739787102,-0.126724889,0.9924386604109023,0.9935567284114224
7.656947,5.770474434,-0.127375749,0.9959511569739542,0.9934236500692278
7.6569495,5.752245426,-0.128165143,0.9938631539489166,0.9932892792627454
7.656952,5.695425034,-0.124646167,0.9873828291553707,0.9931536012402624
7.6569545,5.76555109,-0.123976599,0.9953867909801374,0.9930166010315933
7.656957,5.745340347,-0.123580562,0.9930733699708336,0.9928782634438205
7.6569595,5.762383938,-0.127513709,0.9950239074174233,0.9927385730574362
7.656962,5.706502914,-0.124416678,0.9886429288209593,0.9925975142221563
7.6569645,5.734004974,-0.132038553,0.9917782216967064,0.9924550710526914
7.656967,5.74804163,-0.129646735,0.9933822605396354,0.9923112274244281
7.6569695,5.75743866,-0.126764446,0.994457555606918,0.992165966969016
7.656972,5.737706661,-0.129467188,0.9922009803440834,0.9920192730698603
7.6569745,5.756169319,-0.127329693,0.9943122379054985,0.9918711288575122
7.656977,5.748087883,-0.132029132,0.9933875503871866,0.9917215172049089
7.6569795,5.732760429,-0.126286866,0.9916361263841669,0.9915704207227763
7.656982,5.726945877,-0.127481227,0.9909725224740151,0.9914178217543905
7.6569845,5.748850346,-0.131830943,0.9934747555588231,0.9912637023707664
7.656987,5.728653431,-0.132890523,0.9911673563372552,0.9911080443654655
7.6569895,5.728796005,-0.130314647,0.9911836259262505,0.9909508292493454
7.656992,5.712765217,-0.132205209,0.9893559719535517,0.9907920382451909
7.6569945,5.752056599,-0.135518522,0.9938415480840371,0.9906316522822249
7.656997,5.712488651,-0.13114587,0.9893244705323956,0.9904696519904961
7.6569995,5.717401028,-0.133666236,0.9898841494512508,0.9903060176950822
7.657002,5.71178484,-0.137532188,0.9892443095742807,0.9901407294104542
7.6570045,5.719739437,-0.135670114,0.9901506812305704,0.9899737668341271
7.657007,5.721554756,-0.13618666,0.9903576407087125,0.9898051093407538
7.6570095,5.696005821,-0.139599367,0.9874488532827608,0.9896347359757884
7.657012,5.677403927,-0.135515052,0.9853363737797103,0.9894626254490639
7.6570145,5.685427666,-0.137085052,0.9862470156406867,0.9892887561282255
7.657017,5.680024624,-0.137068632,0.9856337132331326,0.989113106032007
7.6570195,5.725349426,-0.140981673,0.9907904002319281,0.9889356528233558
7.657022,5.717169285,-0.140264467,0.9898577392996362,0.9887563738023323
7.6570245,5.705434322,-0.137636734,0.9885213073192595,0.9885752458991665
7.657027,5.703603745,-0.13824634,0.9883129954741346,0.9883922456665073
7.6570295,5.737635136,-0.13846506,0.9921928099797473,0.9882073492721363
7.657032,5.686564445,-0.138219775,0.9863761006638548,0.988020532491186
7.6570345,5.697375298,-0.1423791,0.9876045535231216,0.9878317706982397
7.657037,5.69179821,-0.141115413,0.9869706300194987,0.9876410388592445
7.6570395,5.741984367,-0.138969738,0.9926897488619818,0.987448311523232
7.657042,5.648389816,-0.140650559,0.9820504739076074,0.9872535628138404
7.6570445,5.684776306,-0.142148504,0.986173059166862,0.9870567664206354
7.657047,5.662256718,-0.143414121,0.9836195560060157,0.9868578955901521
7.6570495,5.696498394,-0.142296376,0.9875048526629092,0.9866569231170743
7.657052,5.667397976,-0.145876047,0.9842019418147488,0.9864538213344901
7.6570545,5.675666809,-0.143306696,0.9851393330072594,0.986248562104624
7.657057,5.678142548,-0.148683268,0.985420167278528,0.986041116808986
7.6570595,5.646104813,-0.147805524,0.9817921591886056,0.9858314563383539
7.657062,5.658429146,-0.153522382,0.983186204279861,0.9856195510825048
7.6570645,5.623839855,-0.149714261,0.9792787070045508,0.9854053709197002
7.657067,5.637235165,-0.150977082,0.9807901079829398,0.9851888852059063
7.6570695,5.640081406,-0.150152035,0.9811115514460593,0.9849700627636743
7.657072,5.641160488,-0.150030645,0.9812334463382587,0.98474887187113
7.6570745,5.69398737,-0.15127231,0.9872194138536052,0.9845252802499086
7.657077,5.617722988,-0.151528207,0.9785893120041586,0.9842992550535723
7.6570795,5.668298721,-0.15458991,0.9843040109157095,0.9840707628553426
7.657082,5.665057659,-0.150937135,0.983936795197151,0.9838397696356023
7.6570845,5.644913197,-0.155025853,0.9816574764966248,0.9836062407690828
7.657087,5.677686214,-0.151200388,0.9853683972315861,0.9833701410117232
7.6570895,5.63563633,-0.156839932,0.9806095879323383,0.9831314344871964
7.657092,5.65311718,-0.160715164,0.982585108106364,0.9828900846730919
7.6570945,5.646892071,-0.157469769,0.981881149354547,0.9826460543866531
7.657097,5.660939693,-0.157902949,0.9834704229417868,0.9823993057705876
7.6570995,5.63989687,-0.153667824,0.9810907074697296,0.9821498002776325
7.657102,5.681520939,-0.158550313,0.9858035226149683,0.9818974986555977
7.6571045,5.634909153,-0.15651218,0.9805274953753625,0.9816423609315814
7.657107,5.677260876,-0.160043298,0.9853201460587997,0.981384346395859
7.6571095,5.635576725,-0.162771524,0.9806028587386256,0.9811234135853495
7.657112,5.611089706,-0.160282367,0.9778422634999716,0.9808595202666475
7.6571145,5.63730669,-0.161992782,0.980798184449972,0.9805926234186079
7.657117,5.623245239,-0.166026456,0.9792116701342839,0.9803226792143678
7.6571195,5.614613056,-0.163922259,0.9782389965405837,0.9800496430033798
7.657122,5.594954014,-0.162277507,0.9760274217453395,0.9797734692919895
7.6571245,5.671942711,-0.166281853,0.9847170424658475,0.9794941117244665
7.657127,5.621851444,-0.16622353,0.9790545519934286,0.9792115230630412
7.6571295,5.625352383,-0.166613966,0.9794492497465688,0.9789256551674914
7.657132,5.573552132,-0.161779613,0.9736254674433994,0.9786364589741842
7.6571345,5.562335491,-0.169223448,0.9723689745037283,0.9783438844745402
7.657137,5.627843857,-0.169962575,0.9797302367796732,0.9780478806929148
7.6571395,5.682415009,-0.172586288,0.9859050001556032,0.9777483956637609
7.657142,5.622607708,-0.172396371,0.9791398001346261,0.9774453764087032
7.6571445,5.577857494,-0.170653798,0.9741081870403474,0.9771387689118998
7.657147,5.545806408,-0.171290726,0.9705203343360281,0.9768285180958007
7.6571495,5.5767169,-0.171701336,0.9739802797040795,0.9765145677956913
7.657152,5.545151234,-0.171626168,0.9704471310447967,0.9761968607336301
7.6571545,5.566780567,-0.1719059,0.9728667197359612,0.9758753384916555
7.657157,5.595932484,-0.174758878,0.9761373779368824,0.97554994148424
7.6571595,5.55375433,-0.174202527,0.9714088040776352,0.9752206089299638
7.657162,5.579600334,-0.175099945,0.9743036632805093,0.9748872788223824
7.6571645,5.576408863,-0.175137063,0.9739457390115329,0.9745498878999465
7.657167,5.586524963,-0.181089411,0.9750807145350324,0.9742083716156655
7.6571695,5.559909344,-0.180727971,0.9720974098482409,0.973862664104683
7.657172,5.558903694,-0.178664753,0.9719848671829999,0.9735126981521393
7.6571745,5.562544823,-0.176979039,0.9723924091089845,0.9731584051594895
7.657177,5.544275761,-0.178937128,0.9703493221292674,0.9727997151099664
7.6571795,5.521159649,-0.18092591,0.9677703252583639,0.9724365565330373
7.657182,5.54693222,-0.182006737,0.9706461354107392,0.9720688564678173
7.6571845,5.536253929,-0.187542783,0.9694535720982987,0.971696540425408
7.657187,5.509554863,-0.180333257,0.9664781987297036,0.9713195323499889
7.6571895,5.544192791,-0.185481347,0.9703400531306863,0.9709377545794343
7.657192,5.53806448,-0.184899663,0.9696556732253458,0.970551127803397
7.6571945,5.502727032,-0.191970422,0.965718765085136,0.9701595710215063
7.657197,5.545627594,-0.190728274,0.9705003547088431,0.9697630014996244
7.6571995,5.499732494,-0.192595849,0.9653858823044267,0.9693613347249259
7.657202,5.532336712,-0.193372044,0.9690164604175687,0.9689544843596188
7.6572045,5.477382183,-0.194259609,0.9629049691082362,0.9685423621932595
7.657207,5.482693195,-0.190733666,0.9634939201383055,0.968124878093615
7.6572095,5.52504921,-0.194860101,0.9682037920425164,0.9677019399560226
7.657212,5.481187344,-0.193972137,0.963326896081671,0.9672734536510382
7.6572145,5.512797356,-0.195822052,0.966839058000322,0.9668393229712423
7.657217,5.498829365,-0.197535446,0.9652855100112617,0.9663994495748518
7.6572195,5.462174892,-0.20173883,0.9612205861041065,0.9659537329291287
7.657222,5.484478951,-0.200526992,0.9636920278740159,0.9655020702512447
7.6572245,5.459506035,-0.200816594,0.9609252834562261,0.9650443564474477
7.657227,5.484016895,-0.201517638,0.9636407645194477,0.9645804840503135
7.6572295,5.469698429,-0.200789347,0.962053536079161,0.9641103431540144
7.657232,5.47538662,-0.203415806,0.9626837693357965,0.9636338213475336
7.6572345,5.428544044,-0.202558801,0.9575060372497357,0.9631508036455781
7.657237,5.461208344,-0.205261976,0.9611136293980678,0.9626611724181495
7.6572395,5.481542587,-0.206535899,0.9633662958609687,0.9621648073161115
7.657242,5.474606514,-0.20612201,0.9625973116794965,0.9616615851961016
7.6572445,5.3974967,-0.208266654,0.9540895821676159,0.9611513800421356
7.657247,5.411346436,-0.205970676,0.9556121008529164,0.9606340628848387
7.6572495,5.418355942,-0.212831046,0.9563835903088205,0.9601095017180383
7.657252,5.43918848,-0.211070497,0.9586801667695666,0.9595775614126212
7.6572545,5.43208456,-0.215320236,0.9578964125140156,0.9590381036275545
7.657257,5.418365955,-0.213802883,0.9563846928181556,0.9584909867177699
7.6572595,5.413676262,-0.215501314,0.9558684601476106,0.9579360656399715
7.657262,5.35063982,-0.217369489,0.9489565106074059,0.9573731918533313
7.6572645,5.409748554,-0.211723637,0.9554363197878153,0.9568022132188388
7.657267,5.376471519,-0.215123378,0.9517828930512389,0.9562229738942772
7.6572695,5.381432056,-0.221348967,0.9523266142933967,0.9556353142258517
7.657272,5.34653759,-0.218102191,0.9485084369033129,0.9550390706361436
7.6572745,5.423248768,-0.220813455,0.9569224800385716,0.954434075508255
7.657277,5.333165169,-0.224578699,0.9470492777475105,0.9538201570659913
7.6572795,5.372305393,-0.224607211,0.9513264865318436,0.953197139249934
7.657282,5.349002361,-0.226113013,0.9487776307246528,0.9525648415890148
7.6572845,5.319523335,-0.227658545,0.9455630340377512,0.9519230790687837
7.657287,5.357103825,-0.23132893,0.9496629831649576,0.9512716619928209
7.6572895,5.329952717,-0.227168889,0.9466990789837552,0.9506103958415997
7.657292,5.350364208,-0.226085649,0.9489263997421729,0.9499390811252617
7.6572945,5.338798046,-0.235276384,0.9476636468521882,0.949257513231437
7.657297,5.337632656,-0.234782184,0.9475365068932495,0.9485654822676957
7.6572995,5.317662239,-0.237794636,0.9453604531697269,0.9478627728984084
7.657302,5.314188957,-0.235740357,0.9449825014374252,0.9471491641758
7.6573045,5.303220749,-0.236704071,0.9437899669125831,0.9464244293646988
7.657307,5.269075871,-0.239139133,0.9400871411879008,0.945688335762301
7.6573095,5.277833939,-0.243047471,0.9410355183524325,0.944940644508818
7.657312,5.29162693,-0.239974799,0.9425310480172675,0.9441811103938991
7.6573145,5.266613483,-0.245428587,0.9398206709355971,0.9434094816546986
7.657317,5.242480755,-0.253044362,0.9372131132467143,0.9426254997668394
7.6573195,5.262718678,-0.241781421,0.9393993441807496,0.9418288992277177
7.657322,5.290390491,-0.248281332,0.9423968879884481,0.9410194073318379
7.6573245,5.259254932,-0.255265871,0.9390248066075424,0.9401967439378471
7.657327,5.251720428,-0.250620519,0.9382106103961677,0.9393606212266348
7.6573295,5.297755718,-0.24984033,0.9431963352451675,0.9385107434519271
7.657332,5.236776829,-0.255198244,0.9365978579775869,0.9376468066785445
7.6573345,5.208211422,-0.255739448,0.9335227148788101,0.936768498513865
7.657337,5.199170589,-0.261504593,0.9325515498644603,0.9358754978276549
7.6573395,5.184124947,-0.258413578,0.9309375883359324,0.9349674744616064
7.657342,5.199905872,-0.266977039,0.9326304961040877,0.9340440889278505
7.6573445,5.165531158,-0.267529229,0.9289468719295928,0.9331049920959814
7.657347,5.198947906,-0.265498053,0.9325276420411414,0.9321498248681096
7.6573495,5.186229229,-0.270814188,0.9311631487107049,0.9311782178414347
7.657352,5.182064056,-0.265607159,0.9307167320520128,0.9301897909574641
7.6573545,5.151951313,-0.268815136,0.9274956563546306,0.9291841531394381
7.657357,5.167615414,-0.276370557,0.929169807689831,0.9281609019121073
7.6573595,5.112190247,-0.276461488,0.9232595978519326,0.9271196230102811
7.657362,5.114322186,-0.27580407,0.9234862383928368,0.9260598899702671
7.6573645,5.125795841,-0.284876944,0.9247069266901586,0.92498126370564
7.657367,5.117161274,-0.277793318,0.9237881403679534,0.9238832920663033
7.6573695,5.078350544,-0.279902591,0.9196696317404506,0.9227655093801275
7.657372,5.071172714,-0.289496529,0.9189099507242685,0.9216274359764136
7.6573745,5.024531841,-0.291457781,0.9139888776031871,0.9204685776899872
7.657377,5.053701878,-0.290962,0.9170635088665445,0.919288425347582
7.6573795,5.040287018,-0.291622032,0.915648249877462,0.9180864542294743
7.657382,5.072425365,-0.291476124,0.919042482511189,0.9168621235136993
7.6573845,5.006203175,-0.293067429,0.9120622431381884,0.9156148756957665
7.657387,5.030437469,-0.296073539,0.914610519590066,0.914344135985352
7.6573895,4.994653702,-0.299896506,0.9108502961224629,0.9130493116785465
7.657392,5.012098312,-0.302148242,0.9126814723840232,0.9117297915045901
7.6573945,4.973429203,-0.299878563,0.9086272952145744,0.9103849449459965
7.657397,4.968192577,-0.30614821,0.9080796590495216,0.909014121530899
7.6573995,4.974495411,-0.310726351,0.9087388376349874,0.9076166500959192
7.657402,4.885514259,-0.308902618,0.8994769357361877,0.9061918380212929
7.6574045,4.884637356,-0.319496174,0.8993861316571137,0.9047389704294755
7.657407,4.894211292,-0.317757229,0.9003780176788286,0.9032573093557797
7.6574095,4.930667877,-0.321506594,0.9041650437444845,0.9017460928822079
7.657412,4.860367298,-0.326457743,0.8968765803241294,0.9002045342359488
7.6574145,4.839213848,-0.323786759,0.8946950017679254,0.8986318208505022
7.657417,4.84071207,-0.331965294,0.8948493402875427,0.8970271133878237
7.6574195,4.778557777,-0.330203979,0.8884688534761843,0.8953895447198215
7.657422,4.806953907,-0.327912262,0.8913782113960981,0.893718218866859
7.6574245,4.785793781,-0.336884518,0.889209323721201,0.8920122098950574
7.657427,4.739111423,-0.342964681,0.8844430832567026,0.8902705607615745
7.6574295,4.787767887,-0.342758253,0.8894114438297991,0.8884922821178014
7.657432,4.723957539,-0.348161807,0.8829013801434313,0.8866763510595829
7.6574345,4.7247262,-0.348021825,0.8829795162832744,0.8848217098259191
7.657437,4.716919899,-0.350065002,0.882186309404249,0.882927264443402
7.6574395,4.68374157,-0.357046146,0.8788229651484579,0.880991883314163
7.657442,4.68385601,-0.348289273,0.8788345440617146,0.8790143957450353
7.6574445,4.639821053,-0.350760387,0.874390381054238,0.8769935904148416
7.657447,4.64083147,-0.358113707,0.8744921035412301,0.8749282137817119
7.6574495,4.657449722,-0.364718979,0.8761668244719278,0.8728169684171325
7.657452,4.576691628,-0.371764671,0.8680583123503095,0.8706585112785232
7.6574545,4.53544569,-0.366525035,0.8639460100052154,0.8684514519070038
7.657457,4.532916546,-0.371764072,0.8636944841546025,0.8661943505519636
7.6574595,4.52794981,-0.374483892,0.8632007504753964,0.8638857162190183
7.657462,4.545950413,-0.380275502,0.8649914991929389,0.861524004638608
7.6574645,4.475449085,-0.387621399,0.8579989828661061,0.859107616152481
7.657467,4.469195843,-0.383178314,0.8573815050200535,0.8566348935152729
7.6574695,4.397809029,-0.396261759,0.8503638121770325,0.8541041196075058
7.657472,4.300135612,-0.404816032,0.8408549774861935,0.8515135150626758
7.6574745,4.421237469,-0.400838967,0.8526605936572793,0.8488612357921812
7.657477,4.321239471,-0.403924206,0.8429004628309927,0.846145370423405
7.6574795,4.314994812,-0.414945232,0.8422946832838669,0.84336393763495
7.657482,4.260642052,-0.421451468,0.8370404029017048,0.8405148833919289
7.6574845,4.306015968,-0.414310234,0.8414244298878015,0.8375960780781158
7.657487,4.160491943,-0.422086032,0.827444580672455,0.8346053135228563
7.6574895,4.18141222,-0.420488768,0.8294399125983745,0.8315402999208708
7.657492,4.179307938,-0.435755472,0.8292389931592878,0.8283986626422414
7.6574945,4.097429276,-0.43531129,0.8214587926927531,0.8251779389381191
7.657497,4.127683163,-0.442514708,0.8243250107170663,0.821875574524533
7.6574995,4.081097126,-0.443419118,0.8199156481909508,0.8184889200663225
7.657502,4.032540321,-0.452095763,0.8153448545316235,0.815015227544796
7.6575045,4.055861473,-0.445614461,0.8175369536461979,0.811451646516721
7.657507,3.960907459,-0.451901119,0.8086483257429401,0.8077952202652988
7.6575095,3.916289568,-0.455521254,0.8045050918266089,0.8040428818457973
7.657512,3.8779881,-0.470488419,0.8009653407292056,0.8001914500295746
7.6575145,3.877708912,-0.467309903,0.8009395959492199,0.7962376251514383
7.657517,3.848952532,-0.472664455,0.7982923093563598,0.7921779848652194
7.6575195,3.75605607,-0.482715058,0.7897999870052783,0.788008979824219
7.657522,3.713867187,-0.486128798,0.7859730919988689,0.7837269292745284
7.6575245,3.606341362,-0.497868745,0.7763032187371293,0.7793280166018527
7.657527,3.581717491,-0.497815748,0.774105571629373,0.7748082848244002
7.6575295,3.564137459,-0.503160712,0.7725403850300854,0.7701636320571476
7.657532,3.503237009,-0.504919663,0.7671427220471738,0.7653898069657302
7.6575345,3.466178894,-0.514479346,0.7638767003658328,0.760482404232967
7.657537,3.378303766,-0.518108569,0.7561875226069398,0.7554368600647333
7.6575395,3.299081802,-0.525967558,0.7493218710076013,0.7502484477642248
7.657542,3.239682913,-0.539899785,0.7442150774961334,0.7449122734213094
7.6575445,3.194477797,-0.539222377,0.740351922726009,0.7394232717299491
7.657547,3.21567297,-0.548348797,0.7421607239967717,0.7337762020170511
7.6575495,3.05171442,-0.546129518,0.7282827773596027,0.7279656445081497
7.657552,2.992485523,-0.561026242,0.72333352616274,0.7219859969008657
7.6575545,2.984414101,-0.561361934,0.7226616757748532,0.715831471312144
7.657557,2.89602685,-0.571825227,0.7153451899394352,0.7094960916756944
7.6575595,2.77819705,-0.576968923,0.7057065872233153,0.7029736916755216
7.657562,2.624434233,-0.591127619,0.6933236750821358,0.6962579133093821
7.6575645,2.574898481,-0.59774897,0.6893808938686012,0.6893422062041854
7.657567,2.515863895,-0.599765715,0.6847113288264706,0.6822198277672916
7.6575695,2.392105341,-0.613637323,0.6750245776821946,0.6748838443547049
7.657572,2.295530558,-0.618359174,0.6675608310664766,0.6673271335683413
7.6575745,2.226531744,-0.635221111,0.6622788804424288,0.6595423878599743
7.657577,2.141168833,-0.640003949,0.6558020356389485,0.6515221196197518
7.6575795,2.055849552,-0.63948683,0.6493917939494764,0.6432586679475641
7.657582,2.077519178,-0.651392758,0.651013924331153,0.6347442073248121
7.6575845,1.818575859,-0.657547656,0.6318923705037724,0.6259707584246621
7.657587,1.623400211,-0.672526872,0.617851818568884,0.6169302013174512
7.6575895,1.492164373,-0.678324906,0.6085868125435991,0.6076142913738193
7.657592,1.476862192,-0.680099171,0.6075155915711556,0.5980146781248861
7.6575945,1.296433449,-0.699800304,0.5950260661991318,0.5881229274776221
7.657597,1.264282584,-0.695372799,0.5928276454092861,0.5779305475993963
7.6575995,0.987776875,-0.717089613,0.5742528542865895,0.5674290188828814
7.657602,0.937186539,-0.722742705,0.5709178816503813,0.5566098284132365
7.6576045,0.744654059,-0.737895292,0.5584020727702188,0.5454645093994267
7.657607,0.603800952,-0.739039986,0.5494198757490236,0.5339846860735908
7.6576095,0.284004748,-0.764072102,0.5295592472429308,0.522162124607742
7.657612,0.178669035,-0.760696212,0.5231759486947933,0.5099887906874886
7.6576145,0.012119017,-0.768400937,0.5132397320914887,0.497456914370679
7.657617,-0.415730655,-0.790155235,0.4885711135364022,0.48455906310719854
7.6576195,-0.501731515,-0.796876188,0.4837575354022392,0.4712882237862162
7.657622,-0.813070059,-0.806959848,0.46672473286709537,0.45763789495467166
7.6576245,-1.015091896,-0.820277651,0.4559946254952703,0.4436021905908129
7.657627,-1.347352982,-0.840233582,0.43888088868057284,0.42917595720850416
7.6576295,-1.578820348,-0.848803302,0.42733975959222137,0.41435490663457464
7.657632,-1.913763046,-0.853422621,0.41117449382263793,0.3991357676337348
7.6576345,-2.391260624,-0.869604987,0.3891806934389992,0.3835164608469216
7.657637,-2.858903646,-0.87930868,0.3687815084908394,0.3674963032915536
7.6576395,-3.256927729,-0.876903247,0.35226373237154984,0.3510762517700927
7.657642,-3.869707584,-0.892467093,0.32826829506292143,0.3342591988687675
7.6576445,-4.493483543,-0.914537375,0.30552034909780773,0.31705034249707537
7.657647,-5.192831516,-0.925968461,0.2818855041047415,0.2994576614164448
7.6576495,-5.069716454,-0.925889498,0.2859094407668979,0.28149254821643604
7.657652,-5.843986988,-0.920977564,0.26152605899453035,0.2631706832963347
7.6576545,-6.585733891,-0.938249096,0.24011960717889422,0.24451328917940143
7.657657,-6.970872879,-0.928866912,0.229705119639511,0.2255490045076741
7.6576595,-8.621181488,-0.92432063,0.18995697472941372,0.20631680302825103
7.657662,-9.078115463,-0.918386175,0.18022230736273678,0.1868707421993157
7.6576645,-10.015597343,-0.916028146,0.16178358380268595,0.16728805174004227
7.657667,-10.39439106,-0.887592177,0.15487979522309364,0.14768360346924697
7.6576695,-12.970521927,-0.843478311,0.11512992517462828,0.1282371759044045
7.657672,-14.426781654,-0.749085296,0.09735880531635047,0.10924755832887101
7.6576745,-14.761571884,-0.717968123,0.09367759328729955,0.09124434212904199
7.657677,-19.674972534,-0.214013939,0.05320662259907419,0.07521688693439958
7.6576795,-19.339521408,-0.037362997,0.05530167025800761,0.06299922148824225
7.657682,-19.373497009,0.508617596,0.055085775560469064,0.057385376279520055
7.6576845,-18.921123505,0.672431198,0.0580307446555825,0.06048998909680789
7.657687,-17.690984726,0.826619836,0.0668598014342637,0.07134800759047766
7.6576895,-15.001155853,1.106149818,0.09112898353160949,0.08721094516968894
7.657692,-12.362568855,1.251526455,0.12347694504035563,0.10590972672371136
7.6576945,-10.777217865,1.311073406,0.14820178193504013,0.1262134300211594
7.657697,-10.679792404,1.294209204,0.1498734479031405,0.14745869847574858
7.6576995,-9.509324074,1.338266944,0.171493678141124,0.16927022603508657
7.657702,-8.360643387,1.347396926,0.19574115625972355,0.19141848784968807
7.6577045,-7.425209522,1.360535897,0.217998669323986,0.21375116746446593
7.657707,-5.986622334,1.337278645,0.2572664786098674,0.2361592424686948
7.6577095,-5.796061993,1.348083888,0.2629730352829522,0.2585594409096921
7.657712,-5.09709549,1.34281549,0.2850096365051272,0.2808847432229942
7.6577145,-4.071877003,1.333973662,0.3207158832397656,0.3030790279568439
7.657717,-3.552785158,1.32838342,0.34046702889659125,0.3250939492215637
7.6577195,-3.237885714,1.310981393,0.35303684481892056,0.3468870640811723
7.657722,-2.456670523,1.2789931,0.3862609396019388,0.3684206828418188
7.6577245,-2.23845315,1.287720279,0.3960879782630866,0.3896611476036261
7.657727,-1.715770125,1.2694213,0.42065476472931607,0.41057836834917777
7.6577295,-1.456954241,1.260259893,0.4333777462226681,0.4311455144958542
7.657732,-1.339738727,1.262994693,0.4392657906649617,0.45133879951800254
7.6577345,-0.679342031,1.231396153,0.4739660311831625,0.47113731950968607
7.657737,-0.418019444,1.214763913,0.48844238879793356,0.49052292126837616
7.6577395,-0.038955931,1.19384172,0.5102306249750526,0.5094800844531022
7.657742,0.260828137,1.186748524,0.5281481046700972,0.5279958083337012
7.6577445,0.504611075,1.172327373,0.54318137798157,0.5460594975409269
7.657747,0.593629956,1.162951981,0.5487768930419149,0.563662843832846
7.6577495,1.034553766,1.142428197,0.5773537713863803,0.5807997026451771
7.657752,1.142971635,1.129329306,0.5846055048439661,0.5974659643108253
7.6577545,1.537004113,1.105130426,0.6117366837166611,0.6136594207111984
7.657757,1.750338793,1.0998832,0.6269476204933954,0.629379628368149
7.6577595,1.949682117,1.082978652,0.641502605467902,0.6446277694486099
7.657762,2.21735239,1.048338649,0.6615793457557447,0.6594065121245949
7.6577645,2.360891819,1.044566148,0.6726031698109614,0.6737198717662726
7.657767,2.500317097,1.035827318,0.6834868661537448,0.6875730743571358
7.6577695,2.561608315,1.022462111,0.6883268877559275,0.700972423388256
7.657772,2.840970516,1.006864775,0.7108252468887993,0.713925171326321
7.6577745,2.910951138,0.983936889,0.716575368449604,0.7264393965767598
7.657777,3.096225262,0.968632501,0.7320244413888922,0.7385238866505339
7.6577795,3.236488819,0.956693284,0.7439414548739491,0.7501880281579212
7.657782,3.361052513,0.951183936,0.7546871309707214,0.761441703929558
7.6577845,3.497164249,0.935349446,0.7666065598750768,0.7722951975672241
7.657787,3.599210978,0.924379752,0.7756662006678079,0.7827591054955906
7.6577895,3.7178123,0.906164463,0.7863301604255307,0.7928442564982873
7.657792,3.835100889,0.896522222,0.7970202637471206,0.8025616386158202
7.6577945,3.94489193,0.894089957,0.8071586685217635,0.8119223331992489
7.657797,4.024096489,0.870737296,0.8145526167808222,0.8209374558497422
7.6577995,4.020962715,0.866884035,0.8142587881122066,0.8296181039004775
7.657802,4.11230135,0.848528397,0.8228665081138729,0.8379753101263817
7.6578045,4.310955524,0.838236411,0.8419030734460001,0.8460200022299987
7.657807,4.432548523,0.831063786,0.853771679894275,0.8537629677493014
7.6578095,4.433619022,0.812662608,0.8538769101114325,0.8612148239595816
7.657812,4.558615685,0.795665448,0.8662537007856994,0.8683859923658575
7.6578145,4.658646107,0.783583552,0.876287515049925,0.87528667738658
7.657817,4.712008476,0.776650811,0.8816876195110005,0.8819268488418308
7.6578195,4.714002132,0.772933837,0.8818900148477637,0.8883162278752385
7.657822,4.792541981,0.7628077,0.8899004324246734,0.8944642759597067
7.6578245,4.871223927,0.749966403,0.8979983012396374,0.9003801866425045
7.657827,4.887058735,0.744617244,0.8996368898821302,0.9060728797524182
7.6578295,4.965444088,0.735433666,0.9077923595076937,0.9115509977376273
7.657832,4.918172836,0.728627226,0.9028652969573154,0.916822903901854
7.6578345,5.172976017,0.705289279,0.9297434331901964,0.9218966822819981
7.657837,5.095581055,0.700294387,0.9214958241374763,0.9267801389472577
7.6578395,5.118955135,0.704918567,0.9239789462289572,0.9314808045179466
7.657842,5.179806232,0.68800796,0.9304748315022572,0.9360059377216435
7.6578445,5.288526535,0.677917842,0.9421946752109048,0.9403625298241474
7.657847,5.266661167,0.677155246,0.9398258303992503,0.9445573097791453
7.6578495,5.380461693,0.650603929,0.9522202290027939,0.9485967499886675
7.657852,5.381302834,0.654316043,0.9523124464142875,0.9524870725270942
7.6578545,5.45335722,0.640153153,0.9602452770113669,0.9562342557492881
7.657857,5.443965435,0.636500494,0.9592075544920888,0.9598440411830399
7.6578595,5.474123478,0.633615025,0.9625437816157004,0.9633219406282156
7.657862,5.464645863,0.624936383,0.9614940740444576,0.9666732433936273
7.6578645,5.480392933,0.62195311,0.9632387942844253,0.9699030236118324
7.657867,5.540579319,0.608562203,0.9699364597716487,0.9730161475814308
7.6578695,5.553228378,0.606303976,0.971349984664039,0.9760172810861946
7.657872,5.591360092,0.605350298,0.9756236587488755,0.9789108966700214
7.6578745,5.634754181,0.596608871,0.9805100011453202,0.9817012808139917
7.657877,5.675249577,0.594821291,0.985092012375822,0.9843925410058215
7.6578795,5.64187336,0.582660099,0.9813139818485943,0.9869886126732219
7.657882,5.704927444,0.576381763,0.9884636223722555,0.9894932659645661
7.6578845,5.752681255,0.566967954,0.9939130239414994,0.9919101123627109
7.657887,5.716584206,0.565408274,0.9897910650157916,0.9942426111209314
7.6578895,5.778756618,0.558257653,0.9969012708902962,0.9964940755126336
7.657892,5.807192802,0.551391425,1.0001703110582996,0.9986676788896243
7.6578945,5.807586193,0.547803481,1.0002156106102607,1.0007664605404143
7.657897,5.831102371,0.542279652,1.0029272635080044,1.0027933313578545
7.6578995,5.84225893,0.536217033,1.004216297413185,1.0047510792999481
7.657902,5.90988636,0.529354865,1.0120655377054275,1.0066423746560387
7.6579045,5.888798714,0.520937745,1.009611420231493,1.0084697751152905
7.657907,5.900146484,0.512299016,1.010931299469687,1.0102357306407568
7.6579095,5.905134678,0.506042319,1.0115120309680905,1.0119425881522721
7.657912,5.949987411,0.499864551,1.0167488486878427,1.0135925960220138
7.6579145,5.932508945,0.504175443,1.0147049196765907,1.0151879083876114
7.657917,5.92283392,0.498011224,1.0135752910182598,1.0167305892841627
7.6579195,5.953962326,0.505265708,1.0172142489301876,1.0182226166086057
7.657922,5.996901035,0.493599797,1.0222552991130134,1.0196658859103425
7.6579245,6.004954338,0.484272741,1.0232035438722111,1.021062214022034
7.657927,5.993113995,0.481875297,1.0218096938790653,1.022413342532605
7.6579295,6.0748353,0.475444063,1.0314687711244706,1.0237209411085482
7.657932,6.038136482,0.475545196,1.0271198983159324,1.0249866106690597
7.6579345,6.033231258,0.470689188,1.0265400117395034,1.0262118864204977
7.657937,6.067428589,0.462593578,1.030589582578337,1.027398240756028
7.6579395,6.078431129,0.459345121,1.0318958722404983,1.0285470860233137
7.657942,6.097598076,0.452401128,1.034175446644976,1.0296597771717944
7.6579445,6.059391499,0.452952569,1.0296364147815036,1.0307376142762863
7.657947,6.07568264,0.451435199,1.0315693995479824,1.0317818449482608
7.6579495,6.106516361,0.445330202,1.0352378372921407,1.0327936666371402
7.657952,6.127345562,0.439806839,1.0377233688113348,1.0337742288267686
7.6579545,6.096029758,0.431260456,1.0339887335253615,1.0347246351316475
7.657957,6.122756481,0.435624844,1.0371752454766487,1.0356459452973616
7.6579595,6.149442673,0.420977425,1.0403667228355216,1.036539177109482
7.657962,6.131923676,0.415271636,1.0382704708721122,1.037405308215359
7.6579645,6.154002666,0.420274317,1.04091304689434,1.0382452778609483
7.657967,6.188686848,0.415041305,1.0450778933463565,1.0390599885510718
7.6579695,6.122508049,0.412461768,1.0371455808312895,1.0398503076306085
7.657972,6.142971516,0.411877004,1.0395919180166289,1.0406170687947727
7.6579745,6.20024395,0.406768628,1.0464693582604694,1.0413610735299683
7.657977,6.149554729,0.401293735,1.0403801446138707,1.042083092488747
7.6579795,6.198101997,0.398570553,1.0462113292133228,1.042783866801952
7.657982,6.215702534,0.390138419,1.0483334549767336,1.0434641093309893
7.6579845,6.202300072,0.392172009,1.0467171075931103,1.0441245058632675
7.657987,6.227250576,0.392496881,1.0497281595541508,1.0447657162520976
7.6579895,6.20486784,0.38644285,1.04702658930713,1.045388375507121
7.657992,6.231624126,0.380060651,1.0502568554996006,1.04599309483301
7.6579945,6.253302574,0.372976443,1.0528813851228758,1.0465804626223227
7.657997,6.244143009,0.378304763,1.0517716712369642,1.0471510454033008
7.6579995,6.215254307,0.376960332,1.0482793581305652,1.0477053887449788
7.658002,6.234667301,0.368451932,1.0506248863516934,1.0482440181216137
7.6580045,6.268357277,0.37030679,1.0547078602171707,1.0487674397383677
7.658007,6.215977192,0.368493577,1.0483666050321125,1.0492761413200709
7.6580095,6.256989479,0.366694612,1.053328397207101,1.0497705928649819
7.658012,6.241106987,0.364590415,1.0514041045209381,1.0502512473641643
7.6580145,6.273183346,0.361036726,1.0552940416522856,1.0507185414906826
7.658017,6.266697884,0.355347881,1.0545063831384762,1.0511728962566058
7.6580195,6.293062687,0.352291937,1.0577120524775983,1.051614717641903
7.658022,6.277025223,0.347249075,1.0557609145742195,1.052044397195526
7.6580245,6.291459084,0.353819726,1.0575167939919627,1.052462312610153
7.658027,6.239084244,0.346535015,1.0511592853062792,1.0528688282718308
7.6580295,6.296254635,0.336805522,1.0581008189061738,1.0532642957856853
7.658032,6.299156666,0.345058093,1.058454398623007,1.053649054478955
7.6580345,6.292722225,0.341100768,1.0576705940066469,1.0540234318815938
7.658037,6.276919365,0.333504667,1.055748047722058,1.0543877441874967
7.6580395,6.302723885,0.334728889,1.0588891858740954,1.054742296694578
7.658042,6.303730011,0.330418929,1.0590118489162788,1.055087384226674
7.6580445,6.290707588,0.328077311,1.0574253024700255,1.055423291537311
7.658047,6.31522131,0.328798762,1.0604138325746486,1.0557502936963126
7.6580495,6.277784824,0.324334838,1.0558532473285376,1.056068656460027
7.658052,6.279891014,0.320787341,1.056109305980772,1.0563786366259276
7.6580545,6.298532009,0.318322319,1.058378281241493,1.0566804823724056
7.658057,6.306956768,0.316634773,1.0594053386850437,1.0569744335837987
7.6580595,6.303476334,0.31565736,1.0589809202449478,1.0572607221628956
7.658062,6.301138878,0.315883363,1.0586959766902175,1.0575395723293994
7.6580645,6.329700947,0.31058274,1.0621830483081915,1.057811200906539
7.658067,6.299409389,0.31447192,1.0584851956597725,1.0580758175957437
7.6580695,6.322677612,0.311249096,1.0613245234557929,1.0583336252400206
7.658072,6.307623386,0.304793594,1.059486648234019,1.058584820076538
7.6580745,6.320122242,0.304516392,1.0610123299953604,1.058829591978893
7.658077,6.373913288,0.301284646,1.0676034858869656,1.0590681246895333
7.6580795,6.354444981,0.302948522,1.065213269356886,1.0593005960428343
7.658082,6.318806171,0.302169381,1.0608515794178062,1.0595271781787736
7.6580845,6.32571125,0.296688429,1.0616952669094692,1.0597480377488204
7.658087,6.340419292,0.294918026,1.0634945860033251,1.0599633361127683
7.6580895,6.323112965,0.293280548,1.0613777203549168,1.0601732295281225
7.658092,6.375840187,0.294378636,1.0678403519277642,1.0603778693318726
7.6580945,6.292191505,0.291703691,1.0576059708290035,1.060577402115073
7.658097,6.338809013,0.289735282,1.06329744278172,1.0607719698905325
7.6580995,6.337305069,0.288532532,1.063113350945418,1.0609617102539213
7.658102,6.373212337,0.280973382,1.0675173337980473,1.0611467565386314
7.6581045,6.35863018,0.285141262,1.0657266541589059,1.0613272379642795
7.658107,6.345326424,0.277826724,1.064095581753469,1.0615032797800854
7.6581095,6.382085323,0.274634543,1.0686084029284266,1.0616750034020621
7.658112,6.365966797,0.276377349,1.0666272103099652,1.061842526545239
7.6581145,6.316080093,0.27851382,1.060518681983406,1.0620059633507444
7.658117,6.333078861,0.274044486,1.0625962081459226,1.062165424508028
7.6581195,6.372029781,0.274921898,1.0673720046321358,1.0623210173724318
7.658122,6.366653919,0.275810095,1.0667115922262107,1.0624728460782944
7.6581245,6.389354229,0.272533309,1.0695030568417945,1.062621011647783
7.658127,6.343400478,0.268123447,1.0638596630942427,1.0627656120956772
7.6581295,6.359993458,0.267931583,1.0658939364737108,1.0629067425299723
7.658132,6.340270042,0.267971064,1.063476312088979,1.0630444952492248
7.6581345,6.369010925,0.267412283,1.0670010947287827,1.0631789598357737
7.658137,6.378721714,0.266147082,1.0681946646564116,1.0633102232457559
7.6581395,6.369086742,0.265582508,1.067010408360251,1.0634383698957481
7.658142,6.333058357,0.260656126,1.0625936997733962,1.063563481746219
7.6581445,6.31293869,0.260689049,1.0601351963152577,1.0636856383819253
7.658147,6.359573364,0.262138225,1.0658423856438222,1.0638049170893695
7.6581495,6.380307198,0.252616942,1.0683896659978198,1.0639213929314846
7.658152,6.374677658,0.256912853,1.067697440567264,1.064035138819408
7.6581545,6.396117687,0.256155916,1.070336173116026,1.064146225582069
7.658157,6.359101295,0.251221595,1.0657844598011632,1.0642547220328722
7.6581595,6.362315655,0.254776116,1.0661789443096583,1.0643606950341917
7.658162,6.370602131,0.25146371,1.0671965812177413,1.064464209559526
7.6581645,6.402016163,0.247185025,1.071063271506141,1.0645653287534418
7.658167,6.381401062,0.245864447,1.0685242229210887,1.0646641139893933
7.6581695,6.337845802,0.248532218,1.063179536263176,1.0647606249255048
7.658172,6.354310513,0.245916911,1.065196778704214,1.064854919558424
7.6581745,6.345271587,0.247080246,1.06408886377435,1.064947054275125
7.658177,6.416895866,0.240309442,1.0728996708476495,1.0650370839032306
7.6581795,6.354161263,0.243049402,1.0651784755412717,1.0651250617592614
7.658182,6.393228054,0.238281129,1.069980151517619,1.0652110396953747
7.6581845,6.368854046,0.236858268,1.066981823409427,1.0652950681444597
7.658187,6.375592709,0.239728241,1.0678099274990736,1.0653771961636833
7.6581895,6.398859501,0.238670217,1.0706740919772388,1.0654574714765408
7.658192,6.38808918,0.237274737,1.069347301322515,1.065535940513478
7.6581945,6.392075539,0.239246508,1.0698381872035536,1.065612648451128
7.658197,6.378841877,0.234008486,1.068209442459113,1.065687639250246
7.6581995,6.356775284,0.234472509,1.0654990895537353,1.0657609556922334
7.658202,6.350223064,0.231504732,1.064695631049658,1.065832639414698
7.6582045,6.387414455,0.230419078,1.0692642370234269,1.0659027309455558
7.658207,6.392691612,0.230306276,1.0699140714046889,1.0659712697361305
7.6582095,6.358820438,0.229073782,1.0657499983701404,1.0660382941931248
7.658212,6.357053757,0.228824527,1.0655332504165533,1.0661038417095299
7.6582145,6.364761353,0.226400517,1.066479192063296,1.0661679486945161
7.658217,6.356857777,0.225368176,1.0655092090276694,1.0662306506023416
7.6582195,6.384038925,0.225002824,1.0688487778802012,1.0662919819603316
7.658222,6.398112774,0.221382906,1.0705820499504153,1.0663519763958385
7.6582245,6.349301338,0.222243356,1.064582654069949,1.0664106666625388
7.658227,6.395170689,0.221166624,1.0702194837492254,1.066468084665661
7.6582295,6.354146481,0.214778799,1.0651766627787933,1.0665242614865074
7.658232,6.392381191,0.219734525,1.0698758349228705,1.066579227406165
7.6582345,6.355802536,0.222332872,1.065379769125303,1.0666330119284513
7.658237,6.376935005,0.217242006,1.067974956967616,1.0666856438021315
7.6582395,6.372339725,0.214288228,1.0674100930105273,1.0667371510424237
7.658242,6.408799648,0.215733459,1.0719000746190555,1.0667875609518425
7.6582445,6.411360741,0.215392308,1.072216178168331,1.0668369001402893
7.658247,6.381523609,0.215659706,1.068539298562979,1.0668851945446913
7.6582495,6.394262314,0.207376626,1.0701075654735748,1.066932469447843
7.658252,6.374084949,0.208780378,1.0676245853598578,1.0669787494967453
7.6582545,6.360510826,0.215328242,1.065957427475905,1.0670240587203592
7.658257,6.358397961,0.205536531,1.0656981621241226,1.0670684205468002
7.6582595,6.385190487,0.209634553,1.068990493614924,1.0671118578200056
7.658262,6.371173859,0.212080917,1.0672668292031016,1.067154392815883
7.6582645,6.392690182,0.209122644,1.0699138952595777,1.0671960472579642
7.658267,6.394388199,0.206811453,1.070123074704371,1.0672368423325904
7.6582695,6.408166885,0.20224275,1.0718219900439154,1.0672767987035623
7.658272,6.416965485,0.203154317,1.072908270369937,1.0673159365264877
7.6582745,6.387013435,0.207932594,1.0692148711595058,1.0673542754625487
7.658277,6.422122955,0.203910688,1.0735455263793476,1.0673918346919253
7.6582795,6.421961308,0.203315055,1.073525547562419,1.0674286329267957
7.658282,6.36401844,0.200055429,1.0663879789110657,1.0674646884239494
7.6582845,6.427322388,0.197970957,1.0741883504610668,1.0675000189970199
7.658287,6.408120155,0.199745471,1.071816223667764,1.067534642028354
7.6582895,6.364973068,0.200846854,1.0665051873733156,1.067568574480536
7.658292,6.397939682,0.197340603,1.0705607156542742,1.0676018329075128
7.6582945,6.374245167,0.197881258,1.0676442787085594,1.0676344334655075
7.658297,6.370485783,0.196618637,1.0671822861528253,1.067666391923492
7.6582995,6.37002039,0.199813348,1.067125107685098,1.0676977236734142
7.658302,6.410756111,0.197892643,1.072141543153235,1.0677284437401062
7.6583045,6.392082691,0.194223007,1.0698390681134182,1.0677585667909122
7.658307,6.359030247,0.191459811,1.0657757420361713,1.067788107145027
7.6583095,6.398728848,0.193039614,1.0706579870374013,1.0678170787825714
7.658312,6.384575844,0.190316915,1.0689148508996191,1.0678454953533982
7.6583145,6.393176079,0.196522746,1.0699737489435241,1.0678733701856589
7.658317,6.411796093,0.194040564,1.072269920867749,1.0679007162940723
7.6583195,6.349759102,0.189625841,1.064638761213393,1.0679275463880535
7.658322,6.399041176,0.189509045,1.070696486545674,1.0679538728795157
7.6583245,6.382553577,0.189016294,1.0686660128760406,1.0679797078904945
7.658327,6.389229774,0.188663641,1.0694877326718017,1.0680050632605493
7.6583295,6.376890659,0.187242246,1.067969504411975,1.068029950553954
7.658332,6.389568806,0.191339086,1.0695294782680034,1.0680543810666834
7.6583345,6.346498013,0.189205578,1.0642391210814068,1.0680783658332043
7.658337,6.377331734,0.182423106,1.0680237379596274,1.0681019156330838
7.6583395,6.387322903,0.18621608,1.0692529667025277,1.0681250409973722
7.658342,6.353046894,0.185373439,1.0650418256664462,1.0681477522148892
7.6583445,6.360763073,0.188669534,1.0659883844047622,1.068170059338254
7.658347,6.436515331,0.18149586,1.0753258482007815,1.068191972189787
7.6583495,6.390702724,0.180256757,1.0696691113904595,1.0682135003672442
7.658352,6.372332096,0.181171919,1.0674091554821492,1.0682346532493905
7.6583545,6.39034605,0.17912047,1.0696251878151803,1.0682554400014195
7.658357,6.404554844,0.181967722,1.0713763638308076,1.0682758695802275
7.6583595,6.361555099,0.176709627,1.066085591374453,1.068295950739548
7.658362,6.416583061,0.181245373,1.0728610332005617,1.068315692034912
7.6583645,6.350446701,0.181790555,1.0647230442925217,1.0683351018285454
7.658367,6.360460758,0.178873978,1.0659512830042526,1.068354188294059
7.6583695,6.392812729,0.17753226,1.0699289905081384,1.068372959421054
7.658372,6.358698368,0.178359139,1.0657350206080973,1.068391423019589
7.6583745,6.385185242,0.175628966,1.0689898481020657,1.0684095867245338
7.658377,6.367948532,0.176561255,1.066870595123225,1.0684274579998008
7.6583795,6.372723103,0.17556505,1.067457207421939,1.0684450441424669
7.658382,6.364096642,0.175368076,1.0663975800056702,1.068462352286787
7.6583845,6.397521019,0.171207969,1.0705091154868824,1.0684793894081022
7.658387,6.356734276,0.176436553,1.0654940591094928,1.0684961623266183
7.6583895,6.360562325,0.17045243,1.0659637476004502,1.0685126777111438
7.658392,6.359044552,0.169442925,1.065777497289252,1.0685289420826691
7.6583945,6.34728384,0.17682877,1.0643354089347965,1.0685449618178824
7.658397,6.374436378,0.168634539,1.0676677820669631,1.068560743152587
7.6583995,6.368279457,0.165553345,1.0669112427588754,1.0685762921850284
7.658402,6.420974731,0.16954093,1.0734036192958492,1.068591614879138
7.6584045,6.38180685,0.16905928,1.0685741434766036,1.068606717067689
7.658407,6.390895844,0.171022063,1.0696928944229271,1.0686216044553778
7.6584095,6.39734602,0.164419821,1.0704875476170013,1.0686362826218003
7.658412,6.3788867,0.165504193,1.068214954902556,1.0686507570244017
7.6584145,6.397078037,0.164759357,1.070454520713474,1.0686650330013
7.658417,6.377788067,0.166516727,1.0680798504938191,1.0686791157740618
7.6584195,6.336743355,0.163644242,1.0630446019319209,1.068693010450406
7.658422,6.378509998,0.161640995,1.0681686280436002,1.0687067220268323
7.6584245,6.395932674,0.162557938,1.0703133747608033,1.0687202553911876
7.658427,6.420934677,0.163160512,1.0733986694275883,1.0687336153251672
7.6584295,6.344810009,0.162920128,1.0640323183909912,1.0687468065067496
7.658432,6.35434866,0.161624866,1.065201456883703,1.0687598335125776
7.6584345,6.432621479,0.163963455,1.0748438916626166,1.0687727008202574
7.658437,6.362765312,0.164696107,1.0662341404098954,1.068785412810641
7.6584395,6.388632298,0.156975903,1.0694141683850686,1.0687979737700102
7.658442,6.384134769,0.161479108,1.068860572101834,1.0688103878922286
7.6584445,6.380577564,0.163616744,1.068422922319065,1.068822659280834
7.658447,6.376208782,0.163534553,1.067885667834651,1.0688347919510792
7.6584495,6.400356293,0.158035574,1.0708586113036203,1.0688467898319216
7.658452,6.390626431,0.160629593,1.0696597159329402,1.0688586567679677
7.6584545,6.369600296,0.161115537,1.0670734973109195,1.0688703965213675
7.658457,6.364152431,0.162202972,1.0664044294417248,1.0688820127736476
7.6584595,6.370023727,0.162016151,1.067125517660048,1.0688935091275362
7.658462,6.376079559,0.156225773,1.067869780646475,1.0689048891087047
7.6584645,6.390427589,0.158714115,1.0696352289947482,1.068916156167488
7.658467,6.380348206,0.154397214,1.0683947101128932,1.0689273136805573
7.6584695,6.386867523,0.155424362,1.0691969098479543,1.0689383649525515
7.658472,6.366178989,0.156495685,1.0666532678049399,1.0689493132176717
7.6584745,6.371870995,0.157135809,1.0673524922748483,1.0689601616412368
7.658477,6.384088993,0.155561664,1.068854939053907,1.0689709133212026
7.6584795,6.4116745,0.159222645,1.0722549103611305,1.0689815712896278
7.658482,6.389008999,0.151271012,1.0694605491404323,1.0689921385141448
7.6584845,6.392986298,0.1510014,1.0699503709732583,1.069002617899352
7.658487,6.379056454,0.1525213,1.068235831927361,1.069013012288197
7.6584895,6.405099869,0.151971107,1.071443593009122,1.0690233244633192
7.658492,6.339575768,0.153709669,1.0633913104971704,1.0690335571483653
7.6584945,6.375247002,0.149678741,1.0677674284533996,1.0690437130092674
7.658497,6.360256195,0.151526592,1.0659261788832362,1.0690537946554965
7.6584995,6.398731709,0.147541804,1.0706583396959237,1.0690638046412844
7.658502,6.394230366,0.149487693,1.0701036294652841,1.0690737454668173
7.6585045,6.370756626,0.150003913,1.0672155634992364,1.0690836195793905
7.658507,6.394547939,0.149328735,1.0701427552482135,1.0690934293745655
7.6585095,6.379588127,0.149356549,1.0683012218362804,1.0691031771972668
7.658512,6.364640713,0.148867076,1.066464379630534,1.0691128653428716
7.6585145,6.353607655,0.145361225,1.0651105869820068,1.0691224960582697
7.658517,6.394777298,0.148080528,1.0701710137367604,1.0691320715428982
7.6585195,6.395112991,0.151325008,1.0702123745961905,1.0691415939497553
7.658522,6.378913879,0.14868996,1.0682182974570775,1.0691510653863856
7.6585245,6.396240711,0.145194161,1.070351333102552,1.0691604879158512
7.658527,6.350955486,0.148008673,1.0647854133764885,1.0691698635576612
7.6585295,6.373679161,0.147670069,1.0675747091648293,1.069179194288711
7.658532,6.354205132,0.147955976,1.0651838553508817,1.0691884820441755
7.6585345,6.377473354,0.145207793,1.0680411518068145,1.0691977287183851
7.658537,6.394623756,0.148229199,1.0701520963025857,1.0692069361656915
7.6585395,6.345662594,0.147114234,1.0641367662433803,1.0692161062013044
7.658542,6.364316463,0.14401017,1.0664245685535927,1.0692252406021154
7.6585445,6.375585079,0.142650526,1.0678089894965768,1.0692343411074998
7.658547,6.391960144,0.144490421,1.0698239741335405,1.0692434094201047
7.6585495,6.391238213,0.145393532,1.0697350590047612,1.0692524472066025
7.658552,6.385363102,0.143314003,1.0690117379128923,1.0692614560984615
7.6585545,6.377435684,0.143319512,1.0680365198088704,1.0692704376926647
7.658557,6.358076572,0.14435693,1.0656587306617809,1.0692793935524305
7.6585595,6.355324745,0.140966959,1.0653211666232592,1.069288325207912
7.658562,6.394153118,0.143866093,1.0700941125359849,1.0692972341568834
7.6585645,6.317367554,0.145783552,1.0606758884062126,1.0693061218654094
7.658567,6.378433228,0.141058738,1.0681591871058722,1.069314989768499
7.6585695,6.385485172,0.138490336,1.0690267617256808,1.0693238392707474
7.658572,6.365345001,0.141174386,1.0665508564968307,1.0693326717469647
7.6585745,6.361488342,0.135990992,1.0660773978093376,1.0693414885427748
7.658577,6.381209373,0.142293746,1.0685006419077228,1.0693502909752353
7.6585795,6.386589527,0.141475256,1.0691626902435092,1.0693590803334085
7.658582,6.416609764,0.139546395,1.072864331498537,1.069367857878939
7.6585845,6.423781872,0.139562566,1.0737505822893527,1.0693766248466137
7.658587,6.376264095,0.140178896,1.0678924683065063,1.0693853824449087
7.6585895,6.361465454,0.134619581,1.066074588615536,1.0693941318565288
7.658592,6.376206875,0.137654053,1.0678854333787888,1.0694028742389277
7.6585945,6.400660992,0.13667609,1.0708961774349839,1.0694116107248275
7.658597,6.367321968,0.134923963,1.0667936382856487,1.0694203424227082
7.6585995,6.358307362,0.136344061,1.0656870463158092,1.0694290704173153
7.658602,6.390849113,0.135748969,1.0696871393781058,1.0694377957701298
7.6586045,6.360429764,0.133278846,1.065947479359894,1.0694465195198417
7.658607,6.353658676,0.133762925,1.065116843470303,1.0694552426828097
7.6586095,6.395487785,0.130107329,1.0702585549930692,1.069463966253511
7.658612,6.375636578,0.135204552,1.0678153205991423,1.0694726912049823
7.6586145,6.334818363,0.134934083,1.0628090330153093,1.0694814184892516
7.658617,6.354840755,0.132362111,1.0652618070817415,1.06949014903776
7.6586195,6.350368977,0.133378556,1.0647135168673427,1.069498883761777
7.658622,6.336734295,0.134461214,1.0630434931014532,1.0695076235527938
7.6586245,6.367012024,0.126822369,1.0667555719042021,1.0695163692829364
7.658627,6.367173195,0.139027728,1.0667753662677708,1.0695251218053412
7.6586295,6.38629055,0.129415889,1.069125889228806,1.0695338819545372
7.658632,6.374132633,0.128708886,1.0676304464463544,1.069542650546817
7.6586345,6.378159523,0.128968311,1.068125528388552,1.0695514283806005
7.658637,6.368721008,0.128710109,1.0669654810372973,1.069560216236789
7.6586395,6.369856834,0.129229551,1.0671050138227371,1.069569014879117
7.658642,6.366640091,0.133954739,1.0667098940148851,1.0695778250544925
7.6586445,6.383562088,0.131137148,1.0687901019498844,1.0695866474933204
7.658647,6.413794518,0.129186799,1.0725166540908704,1.069595482909848
7.6586495,6.358103275,0.132726864,1.0656620068177087,1.0696043320024713
7.658652,6.330299854,0.128455686,1.0622562901776722,1.0696131954540538
7.6586545,6.32796526,0.130349768,1.0619708152273961,1.0696220739322306
7.658657,6.354082584,0.129271537,1.0651688269271176,1.0696309680897123
7.6586595,6.374543667,0.129345257,1.067680970090402,1.069639878564575
7.658662,6.35072422,0.125740352,1.0647570633288301,1.0696488059805547
7.6586645,6.366776466,0.125170877,1.0667266422939765,1.0696577509473253
7.658667,6.376157284,0.123863755,1.067879336437939,1.0696667140607692
7.6586695,6.377468586,0.128503298,1.068040565520432,1.0696756959032627
7.658672,6.354671001,0.12284612,1.0652409881796736,1.0696846970439307
7.6586745,6.361978054,0.123210815,1.0661375051367263,1.06969371803891
7.658677,6.390232086,0.125413149,1.0696111537933017,1.069702759431602
7.6586795,6.395530701,0.12540898,1.0702638430328129,1.0697118217529238
7.658682,6.3748703,0.128436644,1.0677211210029856,1.069720905521552
7.6586845,6.33844614,0.12836047,1.0632530220154626,1.069730011244161
7.658687,6.342197895,0.125425816,1.0637123792769276,1.06973913941566
